"0","  lines( Bx1_c.seq , mu , lty=2 )"
